4.48433
[[ 0.8057847 ]
 [ 0.06589759]
 [ 0.43307516]
 [ 0.6160714 ]
 [ 0.76888484]
 [ 0.70875478]
 [ 0.79069352]
 [ 0.63132119]
 [ 0.14427954]
 [ 0.71160072]
 [ 0.59655511]
 [ 0.30554593]
 [ 0.23727909]
 [ 0.36780936]
 [ 0.57474816]
 [ 0.83746773]
 [ 0.87341869]
 [ 0.59963691]
 [-0.10651077]
 [ 0.80768144]
 [ 0.76145774]
 [ 0.08027799]
 [ 0.48838496]
 [ 0.69887936]
 [ 0.81408006]
 [ 0.62057549]
 [ 0.33833811]
 [ 0.56281602]
 [ 0.31724143]
 [ 0.49944645]
 [ 0.12934592]
 [ 0.59379029]
 [ 0.66134638]
 [-0.1054046 ]
 [ 0.58896917]
 [ 0.66624498]
 [ 0.44998431]
 [ 0.33241233]
 [ 0.03373909]
 [ 0.64664984]
 [ 0.57909352]
 [ 0.22242388]
 [ 0.37421009]
 [ 0.32293013]
 [-0.23245896]
 [ 0.79891092]
 [ 0.44666559]
 [ 0.02907733]
 [ 0.32601154]
 [ 0.26896274]
 [ 0.407949  ]
 [ 0.11788878]
 [ 0.82640731]
 [ 0.32229805]
 [ 0.30728534]
 [ 0.25600517]
 [-0.07213959]
 [ 0.72052777]
 [ 0.71405017]
 [ 0.59726483]
 [ 0.1444371 ]
 [ 0.29867232]
 [ 0.09971549]
 [ 0.522439  ]
 [-0.01169409]
 [ 0.05523068]
 [ 0.02986738]
 [ 0.00892888]
 [ 0.87745053]
 [ 0.15692173]
 [ 0.55120128]
 [ 0.49162465]
 [ 0.70962441]
 [ 0.8358078 ]
 [-0.15052132]
 [ 0.45543623]
 [ 0.79314077]
 [ 0.58533359]
 [ 0.47218692]
 [ 0.03176393]
 [-0.00221241]
 [ 0.60990822]
 [ 0.32356277]
 [ 0.12610652]
 [ 0.32932979]
 [ 0.84402764]
 [ 0.15289167]
 [ 0.45022082]
 [-0.00940246]
 [ 0.47392544]
 [ 0.7550562 ]
 [ 0.16766781]
 [ 0.74628568]
 [ 0.43710497]
 [ 0.56068194]
 [ 0.31779376]
 [ 0.66340107]
 [ 0.85753882]
 [ 0.84141904]
 [ 0.38298088]
 [ 0.84537113]
 [ 0.29464284]
 [ 0.73728043]
 [ 0.21057197]
 [ 0.43378648]
 [ 0.51074606]
 [ 0.24375814]
 [ 0.31660885]
 [ 0.12089075]
 [ 0.58051604]
 [ 0.74423146]
 [-0.05056878]
 [ 0.85161114]
 [ 0.02891939]
 [ 0.74162447]
 [ 0.47882438]
 [ 0.29140311]
 [ 0.08335999]
 [ 0.16205758]
 [ 0.07964624]
 [ 0.27963069]
 [ 0.73522538]
 [ 0.18868554]
 [ 0.3017537 ]
 [ 0.59987348]
 [ 0.66189915]
 [ 0.54156107]
 [ 0.34821433]
 [-0.022835  ]
 [-0.11164661]
 [ 0.29843563]
 [ 0.85421985]
 [ 0.0399024 ]
 [ 0.0855723 ]
 [ 0.73158908]
 [ 0.41727272]
 [ 0.19524381]
 [ 0.01769945]
 [ 0.27291372]
 [ 0.58414966]
 [ 0.34600249]
 [ 0.57450926]
 [ 0.41442859]
 [ 0.73443365]
 [ 0.29551154]
 [ 0.21981651]
 [ 0.87002164]
 [ 0.30934003]
 [ 0.23664689]
 [ 0.45156446]
 [ 0.56028706]
 [ 0.7982769 ]
 [ 0.2505528 ]
 [ 0.32664341]
 [ 0.64830935]
 [ 0.51406437]
 [ 0.58177876]
 [ 0.88495874]
 [ 0.06044615]
 [ 0.4648394 ]
 [ 0.8256157 ]
 [ 0.58596593]
 [ 0.61662418]
 [ 0.50395083]
 [ 0.71950167]
 [ 0.02457368]
 [ 0.56660783]
 [ 0.60469377]
 [ 0.63574761]
 [ 0.83075219]
 [ 0.16806272]
 [ 0.15684241]
 [ 0.29843527]
 [ 0.71618199]
 [ 0.59055012]
 [ 0.74754983]
 [ 0.39680785]
 [ 0.83051485]
 [ 0.78761071]
 [ 0.78619003]
 [ 0.80601948]
 [-0.10184905]
 [ 0.70693755]
 [ 0.34932041]
 [ 0.41624531]
 [ 0.18165305]
 [ 0.02560075]
 [ 0.87626547]
 [ 0.45638451]
 [ 0.0426676 ]
 [ 0.32640648]
 [ 0.45109087]
 [ 0.79788226]
 [ 0.82277203]
 [ 0.29883078]
 [ 0.56368476]
 [ 0.73569804]
 [ 0.5693742 ]
 [-0.03042009]
 [ 0.72274166]
 [ 0.45448834]
 [ 0.83754748]
 [ 0.44034514]
 [ 0.11046189]
 [ 0.66648376]
 [ 0.12831877]
 [ 0.49217796]
 [ 0.32711846]
 [ 0.58991784]
 [ 0.23893785]
 [-0.06937432]
 [-0.02449408]
 [ 0.53002602]
 [-0.01074563]
 [ 0.61567611]
 [ 0.13463974]
 [ 0.67620069]
 [ 0.47929838]
 [ 0.41877392]
 [ 0.64562225]
 [ 0.58312249]
 [ 0.73854369]
 [ 0.33897033]
 [ 0.12626445]
 [ 0.8462376 ]
 [-0.04503773]]
